TILEMAP
104 15
32 64 32 64
images/level2tiles.png
10 5
11111111112111111113333333333333333333333333333333333333333333333333331111111111111111111000000000000000
11111111112111111113333333333333333333333333333333333333333333333333331111111111111111111000000000000000
393939393939393939391711111111333333333333333333333471010568101056710101010101010520137799933339393939393939393939393939393939393939000000000000000
333211149999913111499956710101010589567999999956757321410101099999994034323957999575626161010102415165799131111410000000000000000
333222121573333171133333333333333333341234333333333235123211377995715384103333333333333333333331711133000000000000000
33333333333211113779567999957957915571535795675858573211371233333323952000137756261610101024151657952011133000000000000000
00000000003211113433333333333333333333333333333333171137123333333331700133333333333333331711133000000000000000
000000000032133323134333333317137710567957105710562627111377520113775711111157115421024245756711133720149957952011133000000000000000
000000000032392829301535756711571157115679571133333321499333211333333333333333333333183183333333211133000000000000000
0000000000000000000000000000000000000000332133333211333333333333333333333333333333318191133000000000000000
0000000000000000000000000000000000000000331819333332113333333000000000000000000000333321133000000000000000
00000000000000000000000000000000000000003331833333239213333333000000000000000000000333322212133000000000000000
00000000000000000000000000000000000000000000000000000000000000000000000000000000000000000000000000000000
00000000000000000000000000000000000000000000000000000000000000000000000000000000000000000000000000000000
00000000000000000000000000000000000000000000000000000000000000000000000000000000000000000000000000000000