TILEMAP
104 15
32 64 32 64
images/level2tiles.png
10 5
39
1
1
1
1
1
1
1
1
1
2
1
1
1
1
1
1
1
1
3
3
3
3
3
3
3
3
3
3
3
3
3
3
3
3
3
3
3
3
3
3
3
3
3
3
3
3
3
3
3
3
3
3
3
3
3
3
3
3
3
3
3
3
3
3
3
3
3
3
3
1
1
1
1
1
1
1
1
1
1
1
1
1
1
1
1
1
1
1
0
0
0
0
0
0
0
0
0
0
0
0
0
0
0
1
1
1
1
1
1
1
1
1
1
2
1
1
1
1
1
1
1
1
3
3
3
3
3
3
3
3
3
3
3
3
3
3
3
3
3
3
3
3
3
3
3
3
3
3
3
3
3
3
3
3
3
3
3
3
3
3
3
3
3
3
3
3
3
3
3
3
3
3
3
1
1
1
1
1
1
1
1
1
1
1
1
1
1
1
1
1
1
1
0
0
0
0
0
0
0
0
0
0
0
0
0
0
0
39
39
39
39
39
39
39
39
39
39
17
1
1
1
1
1
1
1
1
3
3
3
3
3
3
3
3
3
3
3
3
3
3
3
3
3
3
3
3
3
4
7
10
10
5
6
8
10
10
5
6
7
10
10
10
10
10
10
10
5
20
1
37
7
9
9
9
3
3
3
39
39
39
39
39
39
39
39
39
39
39
39
39
39
39
39
39
39
39
0
0
0
0
0
0
0
0
0
0
0
0
0
0
0
3
3
3
2
1
1
14
9
9
9
9
9
13
1
1
14
9
9
9
5
6
7
10
10
10
10
5
8
9
5
6
7
9
9
9
9
9
9
9
5
6
7
5
7
3
2
14
10
10
10
9
9
9
9
9
9
9
40
34
3
23
9
5
7
9
9
9
5
7
5
6
26
16
10
10
10
24
15
16
5
7
9
9
13
1
1
1
14
10
0
0
0
0
0
0
0
0
0
0
0
0
0
0
0
3
3
3
22
21
21
5
7
3
3
3
3
17
1
1
3
3
3
3
3
3
3
3
3
3
3
3
3
3
3
3
3
3
4
12
34
3
3
3
3
3
3
3
3
3
23
5
12
3
2
1
1
37
7
9
9
5
7
15
38
41
1
3
3
3
3
3
3
3
3
3
3
3
3
3
3
3
3
3
3
3
3
3
17
1
1
1
3
3
0
0
0
0
0
0
0
0
0
0
0
0
0
0
0
3
3
3
3
3
3
3
3
3
3
3
2
1
1
1
1
37
7
9
5
6
7
9
9
9
9
5
7
9
5
7
9
15
5
7
15
35
7
9
5
6
7
5
8
5
8
5
7
3
2
1
1
37
12
3
3
3
3
3
3
23
9
5
20
1
1
1
37
7
5
6
26
16
10
10
10
24
15
16
5
7
9
5
20
1
1
1
3
3
0
0
0
0
0
0
0
0
0
0
0
0
0
0
0
0
0
0
0
0
0
0
0
0
0
3
2
1
1
1
1
34
3
3
3
3
3
3
3
3
3
3
3
3
3
3
3
3
3
3
3
3
3
3
3
3
3
3
3
3
3
3
3
3
17
1
1
37
12
3
3
3
3
3
3
3
3
3
17
1
1
1
3
3
3
3
3
3
3
3
3
3
3
3
3
3
3
3
17
1
1
1
3
3
0
0
0
0
0
0
0
0
0
0
0
0
0
0
0
0
0
0
0
0
0
0
0
0
0
3
2
1
33
32
31
34
3
3
3
3
3
3
3
17
1
37
7
10
5
6
7
9
5
7
10
5
7
10
5
6
26
27
1
1
1
37
7
5
20
1
1
37
7
5
7
11
11
11
5
7
11
5
42
10
24
24
5
7
5
6
7
11
13
37
20
14
9
9
5
7
9
5
20
1
1
1
3
3
0
0
0
0
0
0
0
0
0
0
0
0
0
0
0
0
0
0
0
0
0
0
0
0
0
3
23
9
28
29
30
15
35
7
5
6
7
11
5
7
11
5
7
11
5
6
7
9
5
7
11
3
3
3
3
3
3
2
14
9
9
3
3
3
2
1
1
3
3
3
3
3
3
3
3
3
3
3
3
3
3
3
3
3
3
3
3
3
18
3
18
3
3
3
3
3
3
3
2
1
1
1
3
3
0
0
0
0
0
0
0
0
0
0
0
0
0
0
0
0
0
0
0
0
0
0
0
0
0
0
0
0
0
0
0
0
0
0
0
0
0
0
0
0
0
0
0
0
0
0
0
0
0
0
0
0
0
0
0
3
3
2
1
3
3
3
3
3
2
1
1
3
3
3
3
3
3
3
3
3
3
3
3
3
3
3
3
3
3
3
3
3
3
3
3
3
3
3
3
3
3
3
18
19
1
1
3
3
0
0
0
0
0
0
0
0
0
0
0
0
0
0
0
0
0
0
0
0
0
0
0
0
0
0
0
0
0
0
0
0
0
0
0
0
0
0
0
0
0
0
0
0
0
0
0
0
0
0
0
0
0
0
0
3
3
18
19
3
3
3
3
3
2
1
1
3
3
3
3
3
3
3
0
0
0
0
0
0
0
0
0
0
0
0
0
0
0
0
0
0
0
0
0
3
3
3
3
2
1
1
3
3
0
0
0
0
0
0
0
0
0
0
0
0
0
0
0
0
0
0
0
0
0
0
0
0
0
0
0
0
0
0
0
0
0
0
0
0
0
0
0
0
0
0
0
0
0
0
0
0
0
0
0
0
0
0
0
3
3
3
18
3
3
3
3
3
23
9
21
3
3
3
3
3
3
3
0
0
0
0
0
0
0
0
0
0
0
0
0
0
0
0
0
0
0
0
0
3
3
3
3
22
21
21
3
3
0
0
0
0
0
0
0
0
0
0
0
0
0
0
0
0
0
0
0
0
0
0
0
0
0
0
0
0
0
0
0
0
0
0
0
0
0
0
0
0
0
0
0
0
0
0
0
0
0
0
0
0
0
0
0
0
0
0
0
0
0
0
0
0
0
0
0
0
0
0
0
0
0
0
0
0
0
0
0
0
0
0
0
0
0
0
0
0
0
0
0
0
0
0
0
0
0
0
0
0
0
0
0
0
0
0
0
0
0
0
0
0
0
0
0
0
0
0
0
0
0
0
0
0
0
0
0
0
0
0
0
0
0
0
0
0
0
0
0
0
0
0
0
0
0
0
0
0
0
0
0
0
0
0
0
0
0
0
0
0
0
0
0
0
0
0
0
0
0
0
0
0
0
0
0
0
0
0
0
0
0
0
0
0
0
0
0
0
0
0
0
0
0
0
0
0
0
0
0
0
0
0
0
0
0
0
0
0
0
0
0
0
0
0
0
0
0
0
0
0
0
0
0
0
0
0
0
0
0
0
0
0
0
0
0
0
0
0
0
0
0
0
0
0
0
0
0
0
0
0
0
0
0
0
0
0
0
0
0
0
0
0
0
0
0
0
0
0
0
0
0
0
0
0
0
0
0
0
0
0
0
0
0
0
0
0
0
0
0
0
0
0
0
0
0
0
0
0
0
0
0
0
0
0
0
0
0
0
0
0
0
0
0
0
0
0
0
0
0
0
0
0
0
0
0
0
0