TILEMAP
98 9
32 64 32 64
images/level1tiles.png
10 5
3
17
1
1
1
37
7
11
11
11
6
20
3
3
3
3
3
3
3
3
3
3
3
3
3
3
3
3
3
3
3
3
3
3
17
1
1
1
14
9
9
9
9
5
6
7
9
9
9
9
9
9
9
5
6
7
9
9
9
15
16
40
14
15
27
1
1
14
9
9
9
9
3
3
1
3
3
3
3
3
3
3
3
3
3
3
3
3
3
3
3
3
3
3
3
3
3
3
4
12
1
1
1
3
3
3
3
3
3
22
5
20
3
3
3
3
3
3
3
3
3
3
3
3
3
17
1
37
7
11
5
6
7
9
9
11
5
12
1
3
3
3
3
3
3
3
3
3
3
3
3
3
3
3
3
3
3
3
4
12
3
3
23
11
11
5
20
3
3
3
3
3
1
3
3
3
3
3
3
3
3
3
3
3
3
3
3
3
3
3
3
3
3
3
3
3
4
12
1
1
1
3
3
3
3
3
3
3
3
23
5
42
9
9
40
14
5
7
9
5
7
11
5
7
9
3
3
3
3
3
3
4
7
9
5
7
9
3
3
3
3
3
3
3
3
3
3
3
3
3
3
3
23
9
9
40
37
7
3
3
3
3
3
3
23
5
20
14
9
3
39
39
39
39
39
39
39
39
39
39
39
39
39
39
39
39
39
39
39
39
3
3
3
3
4
12
1
1
1
37
7
9
9
9
9
40
1
14
13
1
14
5
7
15
27
1
1
1
1
1
1
1
1
1
1
1
1
1
1
14
9
9
5
12
1
37
7
15
27
1
1
1
1
1
14
9
9
15
16
9
9
13
37
7
9
9
9
5
20
1
3
3
3
3
17
1
3
3
3
3
3
3
3
3
3
3
3
3
23
40
1
33
32
31
1
1
1
3
3
3
3
3
4
20
1
1
1
37
7
11
11
5
6
7
9
3
2
1
3
3
3
3
23
11
11
11
9
13
14
9
9
9
9
9
9
11
11
5
7
11
5
12
1
3
3
3
23
11
11
13
1
14
5
7
9
3
3
3
3
2
3
3
3
3
3
3
23
9
5
7
9
5
7
9
5
7
5
7
9
9
9
9
9
9
9
5
6
7
9
28
29
30
11
9
9
3
3
3
3
3
3
23
9
9
21
5
12
3
3
3
3
3
3
3
18
19
3
3
3
3
3
3
3
3
3
2
3
3
3
3
3
3
3
3
3
3
3
2
37
7
9
5
7
3
3
3
3
2
1
3
3
3
3
3
3
3
3
18
24
3
3
3
3
3
3
3
3
3
3
3
3
3
3
3
3
3
3
3
3
3
3
3
3
3
3
3
3
3
3
3
3
3
3
3
3
3
3
3
3
2
1
14
9
5
7
5
20
3
3
3
3
3
3
17
3
3
3
3
3
3
3
3
3
17
3
3
3
3
3
3
3
3
3
3
3
23
5
7
9
40
1
3
3
3
3
2
1
3
3
3
3
3
3
3
3
3
3
3
3
3
3
3
3
3
3
3
3
3
3
3
3
3
3
3
3
3
3
3
3
3
3
3
3
3
3
3
3
3
3
3
3
3
3
3
3
3
3
2
1
3
3
3
3
3
23
5
6
7
11
11
5
42
5
7
11
5
6
7
11
5
20
1
1
3
3
3
3
3
3
3
3
3
3
3
3
3
4
20
1
3
3
3
3
17
1
1
3
3
3
3
3
3
3
3
3
3
3
3
3
3
3
3
3
3
3
3
3
3
3
3
3
3
3
3
3
3
3
3
3
3
3
3
3
3
3
3
3
3
3
3
3
3
3
3
3
18
24
3
3
3
3
3
3
3
3
3
3
3
3
3
3
3
3
3
3
3
3
3
23
9
9
3
3
3
3
3
3
3
3
3
3
3
3
3
3
18
24
5
6
7
5
7
9
9
3
3
3
3
3
3
3
3
3
3
3
3
3
3
3
3
3
3
3
3
3
3
3
3
3
3
3
3
3
3
3
3
3
3
3
3
3
3
3
3
3
3
3
3
3
3
3
3